# [111],,[110],,[100],
# X,Y,X,Y,X,Y
0.03545943411436836,5.663047459961583,0.10073702873390777,6.946444532360386,0.02420130799404152,9.580875349832247
0.2764956701393917,5.782437323252279,0.20401385164675778,7.0061101586882835,0.12689202455789372,9.844505985611113
0.5178249593389146,5.799844681817492,0.6520188921613563,7.100356059607007,0.40260621956524156,9.895966123053052
0.724476289556113,5.885181766231459,1.1689402708788497,7.211716265916443,0.954327662754435,9.896903893211448
0.9312253041648115,5.936524682403599,1.720393081991419,7.306137998739865,1.5405805383387032,9.88090318988383
1.3792059235815328,6.039269125382778,2.8061062513126473,7.477955074948344,2.643974582521342,9.899775814321533
1.5342554739891194,6.08202558354211,3.8918926839274994,7.624276524975454,3.7473686267039796,9.918648438759238
1.7237876145960298,6.124840652336345,4.477950190728768,7.676264158131491,5.9887858318558305,9.905461045906804
2.2062508242120766,6.227643705950425,5.029427422939213,7.7621873488944555,8.17835704621932,9.934678447404307
2.447482429020099,6.279045232757465,5.546519749341833,7.814057760780694,10.40245969297788,9.946957375415796
2.878197332239283,6.390258912479652,6.097948139356529,7.916978035664573,12.643828055933982,9.950767066684277
3.998173301878961,6.638621477867145,6.684054488353549,7.951968584699696,14.298943543305812,9.970577461280376
4.549455165306407,6.792533005113765,7.201097972560417,8.020836080706847
5.0662055963387775,6.963383005846401,8.338730395963632,8.124752736384021
5.582223394434902,7.3891892683927445,9.407348796772446,8.245549254912309
5.650846679463303,7.508286078508942,10.54498122017566,8.349465910589483
5.6816416838835195,8.791624540272844,11.648131053379547,8.453323955631758
5.714488060525225,9.361085468958361,12.785812318978511,8.54024352718801
5.800108429674539,9.565197004996577,13.837311530177038,8.618518030096572
5.989420780400577,9.684498952334923
6.1272534568063755,9.71872756311635
6.575478287201847,9.73648658549096
7.12715088819529,9.754421439770269
8.230593774573677,9.756296980087061
10.402899272739628,9.79398361832757
11.540775907121594,9.812914853400175
12.678676962601429,9.823347546412322
13.764854132782277,9.83369232347212
